%YAML:1.0
---
extrinsicRotation: !!opencv-matrix
   rows: 3
   cols: 3
   dt: d
   data: [ 5.8437023968814228e-01, 7.1553077613341132e-01,
       3.8278862492600407e-01, 8.1121509908890443e-01,
       -5.0288322495909799e-01, -2.9839323897319736e-01,
       -2.1011567695006839e-02, 4.8489604087954241e-01,
       -8.7431936016672007e-01 ]
extrinsicTranslation: !!opencv-matrix
   rows: 3
   cols: 1
   dt: d
   data: [ 8.4118223914991901e+01, -1.6842582180911023e+01,
       -2.5296960152042156e+00 ]
